1 12
2 800
3 7
4 1
5 900
6 100
7 10
8 4
9 200
10 200
11 400
12 100
13 500
14 1200
15 1600
16 400
17 400
18 8
19 300
20 13
21 1
22 1500
23 1200
24 1
25 400
26 200
27 1
28 3
29 2
30 9
31 11
32 5
33 2
34 5
35 6
36 7
37 13
38 900
39 9
40 100
41 12
42 6
43 600
44 14
45 1
46 500
47 9
48 14
49 6
50 200
51 6
52 300
53 1000
54 14
55 300
56 10
57 10
58 100
59 9
60 4
61 1000
62 5
63 13
64 1300
65 700
66 500
67 14
68 11
69 1400
70 1000
71 1100
72 1400
73 6
74 1
75 400
76 200
77 2
78 10
79 1
80 2
81 200
82 1
83 5
84 2
85 1
86 1
87 400
88 1
89 10
90 7
91 10
92 1100
93 200
94 100
95 800
96 5
97 1
98 10
99 1000
100 100
